[algorithm_commands]
search_algorithm: NLOPT_LD_LBFGS
maxeval: 100000
maxtime: 600
num_searches: 500
nnoimp: 1
maximp: 3
optional: true
size: 10000
key: 3
epsabs: 1e-20
epsrel: 1e-9
rftol: 1e-9


[model_commands]
model: SNP_1
n: 50
m: 1e5
folded: false 
sfs: 1302.4733690708622, 590.6335242567279, 359.40557106035857, 247.65605950943234, 183.237925640133, 142.1588000049321, 114.17768600961922, 94.20503312006058, 79.43678241201357, 68.20851476262537, 59.47502151356616, 52.55041331859087, 46.968434308818985, 42.40284466406072, 38.61981234703039, 35.448288099605655, 32.760941258551604, 30.461535279417646, 28.47635908994434, 26.748285624691267, 25.23257455034942, 23.89385846148132, 22.70394793181899, 21.64021324928447, 20.684379066771037, 19.821619457830536, 19.039875138113224, 18.32933802829358, 17.68206474745272, 17.091692529537227, 16.55324014206342, 16.062983905339912, 15.618405908319364, 15.218219138151493, 14.862483842701641, 14.552843342667499, 14.292929472346394, 14.089025096169076, 13.95113795754762, 13.894766294435394, 13.943888395846042, 14.136242718404318, 14.533186356887137, 15.239472283467913, 16.44683282969501, 18.54303468102863, 22.439181733404098, 30.87915320686443, 57.6061754199885
dfe: discrete
c: 2
theta_range: 1e-10, 0.1
gamma_range: -100, 25
e_range: 0, 0.5
constraint: equal_pol_error
